2267
1458
2165
2499
1086
1606
2754
1024
1687
3217
2735
765
701
965
1276
1132
1413
637
693
1686
1377
1068
1048
764
3716
1270
1444
983
870
839
1091
1083
1621
1005
836
832
1126
877
973
814
1611
1453
1430
870
899
961
1110
971
902
755
1095
39051
5124
1449
1128
894
1382
945
2068
2552
1700
10777
1537
1071
955
835
920
1684
1025
1760
2233
1395
2372
1175
1257
875
1747
917
1410
1044
2150
872
707
1292
4104
1110
1346
1178
1149
1053
876
5234
984
1502
1121
1270
1395
918
1365
1408
931
941
1256
874
952
2259
1074
1848
1473
905
948
847
862
1382
1128
1215
846
774
882
1196
951
1182
1167
875
1429
1461
1202
1608
945
1493
934
999
1359
999
1076
818
979
990
737
811
1238
1970
1149
1169
1121
947
1140
674
3280
1037
821
1106
946
1509
1335
1292
932
970
797
1009
2132
1546
803
1001
979
989
865
1272
1295
873
783
1226
897
1352
787
935
1007
1445
867
870
806
1496
1119
1296
870
1399
1608
1215
1035
995
975
1418
1144
3165
1169
1217
1147
1290
877
874
955
955
642
4538
769
931
1080
935
950
1149
750
1344
1540
1448
816
1294
1238
781
827
990
889
899
1005
1540
1298
1698
930
1290
1271
1116
744
851
1070
1069
1005
1210
1552
730
