647
2510
1977
1507
10342
2632
4151
3344
3850
1260
663
924
1076
1475
1596
2434
1886
2184
1321
1089
1054
373
804
915
865
862
888
1110
813
1372
1011
1036
1084
1049
1119
883
1051
706
2156
974
961
2310
610
744
1372
1083
2659
988
1341
7223
1273
930
969
2376
259
1461
1991
1399
16317
1614
837
6463
848
2285
1844
2120
10083
8886
321
9832
1593
4471
1188
1897
3212
240
648
7913
1067
2740
1171
1380
4608
988
1078
745
1065
699
1018
1174
946
1173
1343
907
520
1356
1074
1154
1289
267
1236
800
1297
2075
951
1023
4207
8896
1096
1022
950
2003
1148
8100
889
969
752
1313
860
1024
612
715
1029
246
905
1219
956
733
972
1318
1375
1066
1349
1407
1820
701
247
2321
36142
923
970
1466
1528
9569
751
9529
402
1682
736
2874
907
1212
925
1150
909
1230
893
1252
1167
1045
824
9308
706
1118
630
1587
9416
339
356
260
987
519
1596
1081
1490
694
1306
1009
986
699
8179
791
1439
1326
951
809
1252
2986
1001
1391
911
1164
1046
1447
1579
7812
1389
296
1116
176
1217
1322
921
896
959
1264
4274
1274
866
1437
1244
1031
1693
649
1230
1071
4184
1421
902
816
609
1221
558
811
1410
1187
574
1891
8161
243
315
868
3559
1173
782
865
2337
875
834
607
925
1114
728
1115
665
1132
904
1144
834
1094
987
904
928
1259
963
1367
758
1429
1027
821
745
